Sample	1.0	2.0	3.0	4.0	5.0	6.0	7.0	8.0	9.0	>10	>50	>100	>500	>1k	>5k	>10k+
NTC_1	33.71647509578544	3.8314176245210727	4.597701149425287	0.0	0.0	0.0	0.0	0.0	0.0	0.0	57.8544061302682	0.0	0.0	0.0	0.0	0.0
NTC_2	8.812260536398467	3.065134099616858	1.1494252873563218	1.532567049808429	1.9157088122605364	0.0	0.0	0.0	0.0	0.0	37.547892720306514	45.97701149425287	0.0	0.0	0.0	0.0
PAC_1	0.574537706415037	0.14796776839239362	0.08117089008954163	0.06087816756715623	0.0422765052549696	0.04058544504477082	0.014796776839239361	0.023674842942782978	0.045658625675367166	0.8205869669989599	0.8015625396342237	2.6194522655979164	0.9330424709771792	0.8239690874193576	0.0	92.9698399411511
PAC_2	1.1647177197744127	0.1276750458700082	0.07609770945894528	0.04904074609576474	0.0317073789412272	0.02029272252238541	0.017756132207087234	0.02029272252238541	0.022829312837683583	0.9761645063372482	0.8738553636202218	2.2372726580929916	0.7216599447023311	0.42783823318029235	0.0	93.23279980383703
Site1_1_1	3.14094981263494	1.0108613829444026	0.6402673571186315	0.4169182790539926	0.40120112170870315	0.29283545790697096	0.22583073448757932	0.30441652121402635	0.3796934327098861	5.049343601876132	3.320456293894298	8.335056705849265	7.9363372405635015	18.812610123503767	11.253484659227214	38.47973727530669
Site1_1_2	1.8513156915135622	0.7593868654197722	0.4640697510898608	0.3639762753645967	0.32261533498225614	0.2878721450610901	0.2605739244087453	0.2647100184469794	0.23823901660228147	5.056788571144954	2.713277689081539	8.954643592776726	5.608543515845376	18.89781366069139	16.627098033700893	37.32907591386998
Site1_2_1	1.446821484278236	0.5161191974019823	0.30297503518375857	0.2373712764422619	0.1959946319248034	0.16006228273858944	0.11242469859019971	0.11759677915488204	0.11269691335676195	2.264826857797728	1.6893648412851803	6.1686588250666246	3.1195812248031207	12.308462884877654	6.517365941032837	64.72967712606538
Site1_2_2	2.030722158554213	0.5106749020707377	0.33482416287153915	0.25805959870099116	0.21504966558415928	0.16822872573545625	0.1505347659089115	0.12412993355237548	0.13964617524642242	2.642388739019537	2.2242668575799565	5.317443250026541	3.191718137942111	13.419099132451539	8.893256423587955	60.379957371167556
Site1_3_1	1.507723466156591	0.5521354057833572	0.38818253419703275	0.2523588317554209	0.22101490042274125	0.17359715815022583	0.14908459646697636	0.10287239001494865	0.13019786861266938	2.7650973269252406	1.6519859193416166	7.067252824972273	4.30818317714947	16.926928455467507	9.149615032227992	54.653770112355936
Site1_3_2	2.248324305209522	0.6373266037644866	0.41470432224776177	0.3118319322328131	0.19690418401298762	0.21217430440583157	0.1518975133814476	0.11894620095478436	0.12658126115120635	3.509314773439635	2.0196743445903587	6.6593798723739415	4.49705045569254	13.536158037709162	10.181151849291949	55.17858003954158
Site2_1_1	3.4649308520945317	0.9846489496838645	0.6351416329957872	0.44208728353153104	0.2978347770545217	0.2755868780456297	0.29137570960032727	0.22965573170469142	0.21960829344261118	4.4402500376778935	3.3795276268668495	8.769260580311327	5.978225765937749	11.049311391641966	8.447024881763182	51.095529607647535
Site2_1_2	1.6377324367190809	0.5698332842922657	0.3853910247669353	0.3502249908496544	0.2834812938229785	0.22391433841207417	0.2562096756830464	0.18372458536375313	0.21960829344261118	4.115861316645017	2.7759636569804576	8.307078420255635	4.770380152003387	14.58457431157106	9.775439754842505	51.56058246434954
Site2_2_1	3.327015651833462	0.9681179537830455	0.6166413069592376	0.35592571830259023	0.3069859320359841	0.2829609460505592	0.19308970217915522	0.2847405746420722	0.16016657323616562	4.489113122091419	3.392861909719441	10.547858661897262	7.370331811750888	8.98089568707011	6.528567487965262	52.19472696048335
Site2_2_2	1.788526734470516	0.6086329782974294	0.437788633512186	0.32033314647233124	0.2980877890784193	0.2669442887269427	0.2927489033038805	0.24914800281181318	0.25626651717786497	4.686651895749358	3.5530284829556074	8.49594689588283	5.656549478123916	14.576937793082584	6.61487947465364	51.89752898570068
Site2_3_1	1.6609980130249398	0.5628584156525551	0.3691106695610977	0.2658728194539708	0.20859702590138662	0.17607003203201788	0.11879423847943374	0.14707858097453702	0.16864539212705326	3.1593610567030352	1.9533874035680698	7.614852108244179	4.082844839168157	17.72897943021192	5.34821561154284	56.43433436335481
Site2_3_2	2.207239377461622	0.6243768605794048	0.42850778880081464	0.26728703657872593	0.23157805417865804	0.2100112430261418	0.2103647973073306	0.15839231797257833	0.13046152975866385	3.645144639056434	2.3249729530974887	6.837032689628838	5.237906675811938	14.621590852843639	10.691481463149037	52.17365172074868
Site3_1_1	50.0	50.0	0.0	0.0	0.0	0.0	0.0	0.0	0.0	0.0	0.0	0.0	0.0	0.0	0.0	0.0
Site3_1_2	25.0	0.0	75.0	0.0	0.0	0.0	0.0	0.0	0.0	0.0	0.0	0.0	0.0	0.0	0.0	0.0
Site3_2_1	1.4293512065704457	0.4747578607969331	0.3135432930931617	0.2369557950501627	0.17560116954610272	0.12694060449115857	0.1688310039732409	0.09816740080649598	0.11424654404204272	3.3359990860276474	1.5753329017352782	6.113459512294198	4.116683803648273	9.826049058312282	4.192425030994664	67.70165572861792
Site3_2_2	1.912571774333456	0.49252954542569527	0.3440090381710398	0.25557375037553265	0.2242617346010468	0.17771684628762202	0.1954885309163842	0.13540331145723583	0.14852050725465554	3.6266930703124007	2.1389491856760223	5.654357659384508	4.068023238593329	8.916731194807284	7.6257452471322	64.08342536527158
Site3_3_1	3.8931646727120324	1.069877314638421	0.5989484111864665	0.43892402651832657	0.36195991770174507	0.34290939571744267	0.3093804770250705	0.23165434732911683	0.233178389087861	5.162691457745942	3.5799740912901017	8.699992379791206	7.006781985826412	12.165663339175493	0.0	55.90489979425436
Site3_3_2	1.7427417511239809	0.6309532881200945	0.3840585232035358	0.27127943305646574	0.2628972033833727	0.26061114074525643	0.24003657700220984	0.2926160176788844	0.1783128857730702	4.220071629962661	2.7196525184790064	9.616703497675836	5.1870761258858495	17.539434580507507	0.0	56.45355482740227
Site4_1_1	2.2940599607733256	0.788736340711684	0.586298683104511	0.4174838890445503	0.35724292518912865	0.2857943401513029	0.27458671896889886	0.21854861305687867	0.15760717287755674	4.2329784253292235	2.2597366209022134	8.398010647240122	7.586158587839731	23.137433454749228	11.452087419445222	37.55323620061642
Site4_1_2	2.689128607453068	0.8868030260577192	0.5400672457270944	0.37545530961053514	0.3677500700476324	0.33202577752871953	0.25987671616699354	0.23536004483048473	0.2080414681983749	4.932053796581676	2.3711123564023535	11.618100308209582	4.358363687307369	25.182824320537968	17.014569907537126	28.628467357803306
Site4_2_1	3.3241976836707634	1.3173017416674033	0.8619927504199453	0.6542303951905225	0.839890372204049	0.5304570771815047	0.27848996552029	0.31827424630890283	0.1989214039430643	5.180797453806029	5.198479356378746	8.142516134736097	7.302625762532049	39.050481831845104	26.801343824595524	0.0
Site4_2_2	3.355141013173017	1.4587569622491379	0.9946070197153214	0.6719122977632394	0.5967642118291928	0.34479710016797804	0.34037662452479883	0.31827424630890283	0.27848996552029	6.091415436300946	4.6768632304836	10.282026346034833	7.4617628856865	37.905578640261695	25.223234019980552	0.0
Site4_3_1	1.8540411620782533	0.6497111252749964	0.40941053107716346	0.34130394555585253	0.26857125233875445	0.22667927709357072	0.19969364886814564	0.19738059502025207	0.15960071550465696	3.1871311964142524	1.724767152579312	6.415126344141292	2.829378867940046	16.505695252585483	9.550342331969489	55.481166601558485
Site4_3_2	1.583670867857804	0.4991056191788145	0.3438740053868454	0.2868186771388038	0.24544071385981867	0.19429652322306062	0.1853013138145856	0.13981125480601186	0.1734790385920184	3.102319221991488	1.8524991261796575	5.538992947755824	5.213623373152127	17.844696424532764	13.102679030367828	49.69339186216255
XB_1	2.6278984173721014	1.0158262789841737	0.7949944792050054	0.8244387191755612	0.5152741994847259	0.3974972396025027	0.2061096797938903	0.2355539197644461	0.13249907986750092	2.5616488774383512	1.80345969819654	8.33271991166728	0.0	33.882959146117045	46.669120353330875	0.0
XB_2	2.554287817445712	0.9274935590725064	0.8391608391608392	0.44166359955833645	0.5520794994479205	0.30916451969083547	0.30916451969083547	0.2355539197644461	0.0	2.0169304379830697	1.1998527788001472	8.575634891424365	0.0	34.03018034596982	48.00883327199117	0.0
